„ 811111111111111111111111. 151

11111 (Q 151) 111111 1111111111 aad, 111 unt 1111, 111
11111111 111 1111111111 111 21111111, Q. 625, 819. 480 (111111,
1111111111 sculpture V, Q. 957, 11. 2459 A, ‘Lucius Verus').

v 111112 (Q 152) 11111111 611111 1111111111 1111 111111,81111111
(11111111 111 11111111, Q. 310, ῗςὶς. 2791 (aad) 111111 18111111
111 11111111111111111112111111111, 1111111111111 de sculp-

· 1111111111, 111111).

ῖς11μ13 (Q 152) 8111111111111111111111-11111111, Θ11111111111111)
gu 1111111111 111111, Q. 107 (1111) 1111 8111111111 1111111Ξ
1111, 11111111118111111111111, 111, mit 1111111111
5111111111 111 1111111 1111111111 111111 1811111).

1311. 14 (Q 152) 11111111, 111 11111111, 6111111111111) 1¹1 1111111111
111111, Q 171 (1111) 1111 1111111111 111 8111111111, 1111111 ¹

, 111 11111111, 11. XXXVIII).

1111. 15 (Q 152) Iuba, 111 1111111111, Q 251 (1111) 111111 1111111) 11)
1111 811111111111 1111111111 11111).

1111. 16 (Q 153) 8111111111111111, Q 262 (an. 2111111111, 1111

’ 1111111 61111111111111111 11², Q 530).

1111. 17 (Q 153) 11111111111111111, 111111111111,1ὄ.246(111. 211111
1111111, 1111111111 6111111111111111 11², Q. 528).

1111811153) 8111111111, 111 11111111, Q. 149,111 (111111) nom ·
111111 111 1111111111 11111 11 1111111111, 111. ὓ1111111ι11111,
1111111114, Q. 415, 511214). “

5513. 19 (Q 153) 8111111111111111111111111111, 111 6111111111, 1111111

’ 1111111111111111111111 1, 1. XLVI, 7 (1118111111111111
archbologique 1883, Q VI).

{311- 20 (Q 154) 81111111, 1111 11111111111111 111 1111111111 111
11111111111111111 18111111, 111 1111111111, 1111111111111 111
1111111111 ΙΙ, Q 217, ῧίς, 13311111) Monumenti (1111111111
VII, 1. 84; 11111111 81111111111111, 61111111, 2. XI, Ia). ·

5519. 21 (Q 154) 11111111, 111 111 (11111111 1111 111 Qdyladn 111
1111111 1151111111 11111111, 11111111111111111) 111 11 1111111111,
111111 1111111111 1111111 1112111111111(6111111111111) 111

111. 1111), 31111111 1. 1. 1111111111 1111111111. 3111111111, Q 189.

———-—--

 

