438 2222222222222222222.

2112221222222, 2222222222 22122222, 222 383 222 2222
22222222 >Bura 222 meu 22222 te. 11211, 2.

Phoenix, acia, m. ,2222222222 VI, 2· 1114, 2.

Phrygia, 222, 2222 22222 22222 222 222 2122222222. 11119,
322. 2222222222 2222212222

Phryx, 94'3, m„ 232222 tier. 1111222.

Phyle, 22, 2., 2222222 22222212 un 22222222222222122222.111112,1, I

Piraeus, 1, 2., ’2222222222 2222 222222 222222, 222 {m 2222122222

· &inne 222 2222 222222 2122222222, 322 22222 222 22222
222222 222 engeren 22222 2222222222. 112, 1 u. 2. 1

Pisander, 2221, 2., 1. 2222222222 22122222 222 2222 222 222122
2222222222 22222 22, VII 2, 3 ; 2. 2222222222, 2222122222
222 2222222222 212122 22 222 22212222 222 22222 2222 (394 ,
2222 .), 1x4,.4

Pisidae, 222222, m ,2222222222 222222222222 222 22122222
22222. 11111242.

2222222222,221,22222222222222220-52122222121. ,

Pittacus, 2, m„ 2222 2122121222 222 222222, einer 222 22222
2222222 2222222222 (621-529 2. 222). VIII 4, 2,

Plataeae, 22222, 2., &abt 22 22222222, 22222222 222222 222 &eq
222 2222222222 22222 222 222222 (429 2. 222). 1112, 1; IV 1, 3.

Plataeanaia, 2 2222 222122, 2122222222, 1111, 1; 2222.
2122221212, ia, m„ 2222222222 222 212222, 121.

21212, onia, 2., 2222222222 2221222222 2222 2222222 2222 22212222
222 22222222. 212, 2 f. .

Poecile, 22, 2. (ποικίλη στοά), 222 22212 22112 222 222 22222
22222 222 22222222 222 22222, 2222222 mit 222122222221222222,
2222222222 2222122222 22222222221222 16, 3.

2212222222,222222222222222222222222·(22222222222222222222
150 2. 222), 22222222 22222 2222222222 222 22222222 222
2222211111 12, 1.

Polyperchon, ontis, 2., 22122222 2222222222 222 (2222222 222
2222221222 2222222222 22 222 222222212222222 2222222222.
11111212.

 

